  1  .315
  2  -.458
  3  -.488
  4  -.170
  5  .565
  6  -.344
  7  -1.176
  8  -1.054
  9  -.826
 10  .710
 11  -.341
 12  -1.809
 13  -1.242
 14  -.667
 15  -.999
 16  2.812
 17  1.286
 18  -1.084
 19  -1.505
 20  -2.556
 21  -.144
 22  -1.749
 23  -3.032
 24  -2.958
 25  -2.827
 26  -3.392
 27  -2.431
 28  -2.757
 29  -2.822
 30  -3.314
 31  -2.738
 32  -1.979
 33  -1.671
 34  -2.977
 35  -.709
 36  .718
 37  .736
 38  .879
 39  1.642
 40  2.180
 41  1.963
 42  .716
 43  .769
 44  .973
 45  .334
 46  1.309
 47  .878
 48  .062
 49  .169
 50  .677
 51  1.851
 52  .242
 53  .828
 54  -.317
 55  -1.042
 56  -2.093
 57  .653
 58  .261
 59  2.020
 60  2.136
 61  1.635
 62  -.141
 63  -1.747
 64  -2.047
 65  -.752
 66  -.211
 67  -1.062
 68  -1.565
 69  .232
 70  .015
 71  -.935
 72  -.338
 73  .853
 74  .888
 75  3.069
 76  3.364
 77  3.854
 78  4.419
 79  2.145
 80  2.291
 81  1.753
 82  1.058
 83  1.048
 84  .200 
 85  1.424
 86  .590
 87  .356
 88  .476
 89  .684
 90  -2.260
 91  -.569
 92  -1.014
 93  -.207
 94  .638
 95  -.664
 96  -.469
 97  -.215
 98  -.296
 99  -1.561
100  .246