1 1967 16.6
2 1967 16.9
3 1967 17.1
4 1967 17.5
1 1968 18.1
2 1968 18.3
3 1968 19.0
4 1968 19.1
1 1969 19.8
2 1969 20.8
3 1969 20.9
4 1969 21.4
1 1970 21.8
2 1970 22.3
3 1970 22.5
4 1970 23.1
1 1971 23.5
2 1971 23.4
3 1971 24.0
4 1971 24.6
1 1972 24.8
2 1972 24.7
3 1972 25.5
4 1972 26.6
1 1973 27.6
2 1973 27.9
3 1973 28.4
4 1973 30.6
1 1974 32.4
2 1974 36.9
3 1974 38.2
4 1974 38.9
1 1975 38.6
2 1975 39.3
3 1975 41.3
4 1975 42.4
1 1976 42.8
2 1976 43.0
3 1976 44.1
4 1976 45.9
1 1977 47.2
2 1977 48.6
3 1977 48.3
4 1977 48.5
1 1978 49.3
2 1978 49.9
3 1978 51.5
4 1978 54.3
1 1979 57.7
2 1979 62.2
3 1979 70.5
4 1979 75.9
1 1980 80.7
2 1980 84.4
3 1980 85.1
4 1980 88.9
1 1981 94.1
2 1981 95.1
3 1981 94.6
4 1981 94.7
1 1982 93.4
2 1982 88.6
3 1982 89.9 
4 1982 89.6